964
480
222
230
990
126
347
596
64
630
219
569
417
176
482
378
323
527
425
215
655
919
118
772
517
884
976
677
27
693
147
731
336
907
933
158
366
417
650
888
33
473
225
817
389
491
933
105
475
674
195
519
393
686
687
828
575
752
538
690
192
224
768
451
531
417
409
849
101
432
575
695
89
733
540
78
222
259
595
911
171
34
922
374
36
54
141
471
131
477
807
816
592
146
188
59
335
268
870
226
328
272
234
616
634
140
563
392
733
543
780
210
855
543
918
877
712
805
327
545
370
833
137
474
503
232
198
161
719
801
558
974
907
512
329
115
937
635
774
356
224
105
166
122
38
811
563
811
71
876
797
80
283
796
158
17
1000
498
894
122
619
109
725
994
549
359
517
594
749
265
170
284
356
667
44
255
146
685
93
422
498
803
136
360
942
150
946
714
791
898
575
719
353
572
618
383
260
254
253
772
239
760
829
46
467
71
740
745
640
359
955
566
19
929
134
641
729
749
505
355
958
437
963
7
850
718
415
535
527
105
817
193
761
854
862
975
66
468
276
342
466
835
454
323
188
241
334
175
597
875
200
507
55
3
188
608
365
423
362
634
288
986
696
168
85
997
957
989
173
250
573
989
362
202
65
128
229
667
51
344
53
563
336
37
209
670
646
437
474
883
484
639
652
169
143
231
485
544
873
771
452
292
62
869
312
918
352
437
80
177
233
957
63
362
67
696
307
525
977
597
951
184
325
615
231
609
405
424
223
929
461
89
610
24
630
100
439
63
35
506
440
511
705
455
520
999
582
891
315
884
906
764
722
71
890
80
88
386
702
212
678
749
637
649
421
871
131
260
484
581
167
427
81
92
726
497
527
50
354
45
861
631
848
329
602
365
849
767
642
65
789
612
953
277
277
643
933
1
993
498
964
237
701
878
956
643
88
914
573
815
710
495
424
463
281
536
403
225
404
197
658
878
42
649
371
440
468
41
235
287
693
653
534
160
436
910
9
21
399
726
330
750
617
735
393
875
540
986
366
373
260
641
660
723
383
435
537
196
427
276
748
806
304
739
922
543
28
848
896
317
575
844
922
829
559
224
210
522
771
488
620
332
956
310
891
652
527
419
752
943
449
507
434
382
144
587
627
742
603
2
169
916
403
630
655
213
759
325
956
731
409
635
251
616
236
390
634
702
341
870
490
280
675
558
464
803
586
122
694
888
67
55
520
817
821
739
643
898
5
920
918
154
196
47
684
100
283
715
367
544
683
481
954
340
4
507
741
577
441
789
796
122
864
558
72
762
781
611
261
874
632
115
780
76
493
527
965
683
249
28
52
10
441
919
281
214
169
109
510
546
724
134
234
465
984
121
794
267
867
637
555
751
539
659
683
269
301
868
726
369
740
400
486
759
292
299
666
851
930
800
228
856
10
165
712
56
51
79
247
993
601
224
868
11
214
767
975
333
814
982
879
918
789
885
624
202
844
358
341
890
529
132
802
588
137
693
471
355
503
480
31
573
121
417
815
194
732
776
525
0
193
867
160
73
342
110
803
731
145
551
616
14
200
3
555
178
481
164
100
48
895
630
270
827
540
114
405
454
605
57
500
689
288
129
306
519
878
253
500
380
105
113
534
915
554
896
936
947
52
223
390
347
476
889
350
547
79
224
463
951
624
538
753
272
821
193
124
573
198
997
221
882
650
524
635
548
806
698
19
204
803
205
412
559
777
611
956
427
854
950
955
834
288
753
212
114
614
670
685
635
164
887
29
372
344
776
349
319
133
167
644
178
547
302
347
267
131
72
858
752
601
81
546
864
524
8
807
33
369
173
806
982
808
887
254
361
779
402
887
932
499
788
465
669
281
494
962
454
259
98
673
688
325
205
302
261
957
426
765
163
803
703
636
641
362
836
488
399
80
95
680
755
828
548
293
708
250
124
960
276
15
863
272
91
136
198
435
749
175
532
961
193
919
306
476
507
284
268
952
406
355
642
769
140
206
985
401
212
386
855
912
230
333
68
533
42
94
132
877
277
416
341
575
928
389
9
228
96
88
563
700
381
512
513
886
583
216
36
590
115
331
130
17
256
642
506
661
570
470
553
971
797
554
86
709
678
423
997
37
520
638
439
907
910
280
802
801
774
263
640
170
944
931
134
492
503
465
602
229
98
806
209
104
905
183
631
901
261
154
249
937
268
142
269
480
42
722
180
792
764
663
799
464
303
436
563
452
563
721
781
64
216
862
338
510
661
877
693
510
585
259
989
235
732
638
271
320
108
60
757
99
350
746
613
113
723
640
665
509
512
667
844
383
768
313
747
620
886
339
280
937
307
714
348
333
107
710
766
406
645
637
970
417
77
671
610
766
579
530
533
183
886
683
386
697
50
400
864
838
705
888
152
8
676
478
857
470
532
352
231
425
744
320
602
903
825
668
30
86
369
805
906
911
666
83
3
247
562
288
445
427
716
982
549
977
75
202
106
22
402
750
575
864
830
666
654
803
71
149
757
573
229
551
270
598
759
796
301
276
813
497
363
239
462
286
980
824
40
692
414
617
707
933
928
564
312
150
282
318
530
750
397
208
854
20
106
917
129
860
640
237
643
999
932
425
999
11
535
240
687
574
820
36
803
183
759
77
67
557
614
980
698
908
225
563
464
194
905
339
995
679
143
613
547
914
147
390
959
29
816
936
252
526
343
632
920
704
588
16
642
797
480
538
82
978
182
81
442
973
163
51
370
435
805
265
429
849
105
643
491
851
715
893
988
310
21
20
813
29
351
728
845
65
735
434
327
195
636
507
673
144
66
441
504
189
284
770
60
109
764
825
873
343
478
276
710
136
294
333
401
65
3
234
148
501
4
504
969
143
273
709
127
752
732
466
690
220
637
556
588
428
711
423
290
479
53
467
317
861
451
533
348
667
226
22
616
375
338
745
398
83
546
117
681
973
62
461
284
746
873
926
425
120
390
78
855
146
758
392
153
985
319
30
998
577
501
503
146
499
324
858
41
383
462
379
623
98
559
316
177
809
504
754
13
691
32
439
778
539
876
421
20
531
507
721
171
885
184
444
536
677
846
714
39
446
733
259
761
892
968
428
958
746
889
165
891
143
813
285
484
350
983
964
232
627
669
353
926
108
697
508
471
19
109
284
980
451
212
854
326
242
536
162
209
396
681
158
3
856
435
986
318
134
257
269
443
71
779
701
533
789
146
590
366
124
347
369
288
889
177
72
475
402
36
266
569
501
506
360
994
303
321
888
638
61
726
13
914
375
678
446
250
387
221
839
280
948
609
380
135
463
838
270
921
264
612
734
175
570
544
510
382
831
870
797
876
640
975
530
545
9
824
686
287
463
409
781
359
984
150
563
541
106
520
38
595
562
831
719
103
409
448
4
929
932
591
840
639
92
40
562
384
123
392
384
977
264
466
546
594
853
164
267
430
109
520
673
327
17
528
237
41
499
517
506
437
93
288
694
787
322
816
203
275
585
597
11
759
985
136
759
918
524
603
210
360
496
359
719
49
493
290
798
74
507
940
380
692
952
737
647
584
282
943
9
926
625
511
163
658
498
611
535
455
813
143
744
270
754
980
650
575
231
222
546
224
851
292
318
465
893
895
329
517
223
964
386
326
119
174
193
156
745
797
561
944
453
920
267
216
256
948
38
619
16
703
69
89
99
146
109
367
259
140
196
246
145
722
401
339
719
781
485
91
235
639
970
495
234
538
245
14
333
409
70
564
496
38
827
726
271
64
606
539
778
962
223
403
793
212
583
334
858
644
240
295
907
528
435
224
599
919
50
576
910
244
165
844
739
103
871
855
567
643
837
709
446
939
164
487
856
604
981
847
184
472
66
925
204
850
459
849
363
580
892
973
455
995
564
135
964
658
605
614
817
590
87
258
175
498
616
207
721
25
585
223
78
382
201
370
441
399
475
205
972
495
76
427
515
714
344
180
285
691
131
146
356
682
911
893
776
986
278
321
294
542
2
175
975
675
392
484
113
587
913
291
690
323
242
129
844
942
588
594
688
521
204
700
274
985
631
274
409
251
432
921
96
659
871
997
806
36
532
315
857
528
788
220
736
182
966
377
602
169
678
323
118
707
589
114
207
729
393
238
164
581
162
899
364
936
664
548
453
494
468
962
941
18
210
319
308
556
979
500
948
838
566
593
218
585
252
966
709
654
605
483
212
126
967
372
551
741
659
88
299
407
199
938
635
402
43
548
932
357
543
488
86
205
412
962
751
307
353
287
394
114
427
339
485
100
352
806
882
326
918
888
319
443
465
308
640
260
933
556
168
1000
879
123
720
773
828
789
209
290
955
86
250
510
696
665
492
945
88
242
81
775
326
884
714
444
142
401
721
221
210
707
91
375
993
688
863
624
537
241
763
103
208
652
165
371
727
640
922
441
334
791
793
434
977
91
106
139
37
237
374
551
452
228
271
6
592
636
669
708
208
350
984
562
640
170
899
459
533
905
377
939
207
810
51
93
981
343
276
151
701
752
687
103
111
253
469
879
56
171
709
148
717
571
174
254
39
898
300
977
888
735
811
630
394
381
311
251
279
954
509
280
530
281
908
233
679
416
505
419
242
625
665
444
654
735
242
898
999
859
680
810
713
953
532
605
371
63
182
238
221
324
920
799
201
754
448
593
487
368
745
96
564
291
407
101
816
367
305
247
215
456
427
162
899
166
409
759
568
720
322
895
486
503
222
544
955
511
452
295
523
948
449
620
457
698
308
413
715
333
986
441
427
195
957
775
837
287
993
458
165
527
334
90
383
965
899
903
328
55
678
462
514
544
168
298
740
796
410
501
579
335
445
585
170
851
66
529
524
73
647
592
328
22
925
473
870
697
46
764
299
928
160
546
582
842
457
361
799
714
313
568
947
379
620
725
941
964
165
907
897
332
225
677
692
277
891
350
7
724
439
914
80
851
229
575
473
979
898
621
400
89
58
800
74
155
697
735
808
839
487
842
172
445
291
211
631
211
407
147
907
846
974
791
396
549
395
632
958
417
994
392
373
69
560
207
430
379
725
810
968
947
284
728
224
708
328
214
461
798
732
968
522
692
676
798
331
330
180
442
952
559
319
443
711
815
709
598
188
510
801
578
412
431
921
530
33
140
224
43
48
612
517
621
918
619
692
199
239
82
93
248
438
765
925
458
907
393
748
163
634
612
742
714
302
961
784
919
625
914
886
317
0
707
70
536
849
30
601
246
350
953
337
888
688
771
541
209
607
191
186
362
24
666
422
256
422
467
516
380
32
122
549
556
492
517
907
979
222
555
11
843
313
763
791
505
997
515
552
624
558
596
916
8
883
545
681
749
998
544
112
190
561
913
451
90
180
128
285
531
674
23
612
77
559
277
227
118
705
952
467
331
371
822
318
555
170
610
71
405
238
218
690
574
990
768
469
708
552
675
496
639
553
236
334
14
677
244
217
169
143
521
878
444
28
801
861
595
9
341
406
330
75
632
79
75
960
52
586
376
556
81
856
729
762
650
626
6
414
484
328
876
201
169
329
931
63
929
471
20
898
370
574
922
799
607
454
807
234
183
821
701
655
169
663
361
907
600
33
412
542
904
387
391
240
196
271
789
95
599
365
171
752
578
241
173
202
164
423
371
85
983
636
579
989
839
151
919
459
798
428
312
839
855
914
944
342
675
576
759
740
154
371
729
358
378
670
939
801
833
234
925
256
4
210
886
241
38
269
146
526
637
714
789
829
831
49
715
461
117
840
93
249
89
319
101
982
770
171
901
399
52
176
596
644
795
75
851
809
470
770
410
463
743
266
467
377
584
407
208
661
787
145
939
723
471
77
131
955
219
937
169
867
416
599
991
556
619
917
566
3
499
888
632
993
329
419
390
324
218
819
240
981
656
445
751
470
527
835
431
597
754
640
110
323
78
512
343
32
554
669
204
420
621
771
70
384
52
998
69
965
724
383
528
735
893
374
22
128
252
277
344
194
262
954
286
237
856
557
158
309
954
387
768
918
453
131
659
138
622
166
315
754
20
708
434
937
401
623
238
206
279
471
337
700
590
367
870
416
475
579
388
760
836
527
735
697
192
497
341
434
585
958
972
810
527
915
551
550
470
852
974
418
230
706
834
882
196
750
788
287
21
683
42
964
847
25
786
110
168
943
927
465
508
98
147
878
189
989
145
637
533
601
909
380
46
668
424
935
39
129
285
506
463
874
100
523
564
530
725
757
282
75
85
949
753
359
681
22
378
436
249
536
982
180
762
557
594
669
231
114
839
642
491
702
576
190
29
35
820
890
96
713
575
260
283
349
100
701
320
933
979
887
656
751
975
206
782
795
484
358
352
498
493
817
284
856
280
405
309
910
847
660
812
594
17
0
370
867
684
138
536
322
675
138
533
944
56
392
380
685
83
986
372
973
357
243
193
394
592
216
625
309
486
993
845
793
38
536
790
732
68
916
35
844
938
797
274
61
723
144
355
49
943
555
525
386
784
346
639
185
369
599
534
300
395
735
319
380
394
896
758
526
273
636
616
586
490
129
338
436
217
62
952
372
335
937
629
195
412
102
857
127
877
523
220
407
462
839
723
240
352
185
444
907
412
212
372
560
713
902
853
956
286
523
316
573
984
160
525
53
164
952
239
51
252
646
745
996
856
493
928
171
592
880
223
440
137
368
563
432
715
760
559
934
500
469
540
711
634
968
231
43
282
612
20
779
174
947
50
946
398
855
182
73
980
835
366
329
674
509
967
984
940
413
798
907
408
49
372
283
221
76
614
421
975
279
100
286
283
868
123
288
106
948
16
701
58
396
517
540
656
480
529
151
567
606
116
270
335
949
890
468
229
830
915
320
966
944
465
585
823
633
926
486
335
734
799
743
762
684
152
865
868
193
9
752
722
50
159
193
78
918
332
889
835
186
100
175
972
752
792
585
543
679
78
374
184
967
404
171
95
957
81
981
122
778
310
813
766
492
58
331
938
322
880
773
969
616
987
222
39
400
971
231
968
434
956
718
771
354
53
948
234
232
895
758
476
899
488
31
103
691
761
866
182
135
882
15
462
285
170
554
509
58
661
380
374
635
374
815
801
452
959
32
231
10
526
166
440
746
112
440
715
11
348
485
892
618
612
635
11
536
434
3
977
428
716
141
382
733
50
174
88
179
965
216
100
876
967
787
283
633
201
620
910
722
762
386
178
140
976
503
807
977
775
645
564
77
970
502
632
645
669
910
575
869
977
962
829
722
557
607
949
658
462
213
969
709
43
133
425
680
756
15
963
767
569
986
956
265
20
77
509
57
947
125
187
671
467
956
659
482
758
335
578
639
381
778
417
766
387
118
281
894
287
80
333
813
242
730
991
733
244
130
747
387
916
434
848
857
496
748
479
856
295
668
363
755
394
760
888
719
709
784
818
50
720
863
450
606
989
341
921
782
362
787
459
758
55
436
457
72
496
880
519
650
402
0
464
422
437
69
445
248
740
773
548
735
811
462
290
503
656
300
59
761
135
510
688
221
715
558
668
252
389
925
60
648
662
670
579
929
230
334
566
493
723
569
18
927
590
291
447
610
770
309
81
269
75
40
298
701
306
59
704
628
16
363
704
823
622
696
410
526
695
478
70
224
922
69
980
838
883
799
301
16
747
343
765
254
618
461
756
214
804
480
700
439
238
649
420
201
788
800
150
146
58
667
805
109
93
669
195
520
936
164
780
380
469
861
889
652
483
150
398
57
629
527
650
352
332
442
161
19
778
269
837
214
77
196
43
469
587
791
448
103
914
276
822
186
520
57
709
722
333
395
360
602
906
609
438
761
147
162
147
347
576
782
802
436
273
362
425
22
635
288
934
520
144
601
695
711
114
109
897
970
751
555
908
492
847
61
727
273
59
716
546
682
680
327
57
86
501
103
630
607
242
295
970
749
81
993
677
857
676
117
462
37
216
910
187
534
870
676
6
808
745
847
371
736
555
40
844
18
82
149
896
306
460
950
473
569
448
460
987
764
981
430
387
215
485
600
171
38
884
560
364
636
88
663
933
146
906
47
506
48
76
982
980
640
98
140
97
613
161
619
31
894
976
439
709
236
987
328
39
567
869
625
236
778
854
133
249
657
881
277
790
811
176
151
90
605
535
900
634
850
923
14
859
660
940
159
893
534
777
268
286
368
27
663
870
677
818
204
733
729
255
338
635
594
199
490
21
719
724
133
610
330
962
272
823
943
332
993
207
199
78
859
244
88
24
214
716
149
206
921
116
416
334
137
512
621
897
152
779
268
773
378
386
933
894
504
177
861
115
727
340
260
633
593
184
308
272
148
992
738
712
982
902
211
529
415
885
967
565
931
11
601
665
91
748
707
154
118
520
224
301
602
723
500
785
319
723
277
124
693
322
492
782
79
66
11
697
446
816
984
757
731
703
44
529
277
4
980
760
757
683
201
81
45
185
408
785
258
630
151
190
915
729
317
279
46
162
29
769
5
150
979
536
651
491
203
338
336
417
852
351
521
823
935
372
503
847
472
951
471
6
827
439
886
783
313
309
658
790
617
496
327
94
437
292
31
474
639
284
291
474
235
742
407
229
52
169
696
946
760
867
922
186
951
471
496
896
744
656
884
922
256
847
351
901
342
30
162
266
851
901
603
446
952
704
277
170
104
44
879
11
126
156
289
162
339
822
949
522
955
786
115
137
148
651
868
549
482
353
473
995
923
934
552
755
500
505
156
779
198
836
145
349
912
294
94
695
419
546
824
312
586
511
563
676
409
824
456
189
914
248
399
808
163
500
541
710
94
418
695
190
871
149
938
444
369
656
492
896
497
656
277
100
884
728
341
944
11
305
156
743
587
891
430
77
845
239
868
481
66
208
695
963
268
512
577
143
848
697
146
885
650
934
672
332
167
288
952
456
348
519
168
714
976
380
611
29
938
509
608
42
753
47
81
516
49
740
679
591
108
906
657
906
44
361
699
273
17
206
428
493
141
137
840
180
84
657
47
358
941
812
965
63
43
920
825
354
633
335
104
802
107
843
448
93
30
929
531
181
403
744
645
810
582
453
97
108
222
821
560
705
101
488
335
878
214
783
656
887
583
806
484
728
315
361
730
336
109
803
410
142
307
168
731
977
334
534
121
525
733
82
87
250
201
6
89
116
644
579
253
323
459
282
902
48
86
671
78
293
639
815
325
783
533
387
51
27
347
714
411
124
758
737
954
503
363
708
432
979
884
685
931
238
850
540
860
634
244
975
569
779
111
610
181
1000
906
265
722
67
304
915
308
965
626
888
200
823
293
325
794
874
626
634
102
334
811
364
609
678
320
530
782
999
158
959
852
278
217
146
685
27
410
317
912
580
882
779
93
862
518
444
356
171
822
656
193
89
439
993
949
451
703
21
153
159
500
39
823
467
219
737
605
204
924
605
638
585
617
599
874
758
506
749
19
262
342
950
712
586
816
741
63
529
168
983
381
559
763
964
955
758
6
774
476
160
421
929
987
469
454
862
827
793
125
333
281
385
197
696
153
567
588
631
892
566
324
322
922
617
637
585
921
234
479
264
175
564
283
697
700
224
494
825
54
396
280
429
77
108
549
295
508
263
448
739
373
476
860
241
607
55
939
407
426
98
706
834
588
495
87
402
506
177
667
643
755
66
474
684
303
403
570
563
934
188
35
684
73
431
353
685
240
918
341
3
549
862
61
348
788
432
386
95
619
219
511
330
649
897
185
13
862
286
778
663
310
15
556
753
65
362
949
444
617
143
936
203
959
232
929
484
578
699
242
529
138
434
936
445
284
348
290
108
635
863
446
244
558
752
888
136
96
696
506
723
77
164
726
180
63
499
487
671
0
167
387
958
93
45
202
359
657
863
396
462
161
154
487
372
897
965
945
335
513
828
175
882
965
338
124
399
879
34
312
813
51
685
52
324
821
800
815
350
192
324
823
899
560
968
912
450
473
96
498
556
198
740
974
176
491
37
85
437
56
52
404
740
572
219
561
766
220
39
800
262
519
276
230
266
528
590
358
225
960
158
733
331
369
93
391
215
775
703
343
929
321
756
154
377
815
320
52
899
24
312
778
80
917
781
406
35
68
325
857
339
552
394
246
408
520
667
589
622
512
886
122
620
46
126
96
742
907
205
415
874
240
787
558
604
283
855
369
150
427
90
107
404
193
258
481
344
366
261
289
349
279
831
995
678
930
429
295
72
540
446
32
660
951
352
65
557
862
361
462
195
239
821
903
775
45
139
149
710
64
523
137
936
760
361
337
490
796
378
515
200
341
699
390
134
366
565
512
872
595
354
517
915
472
790
795
128
730
300
731
757
344
754
814
818
483
825
307
679
553
293
996
640
618
103
872
433
0
57
296
495
888
830
73
53
979
117
281
698
408
899
500
718
737
497
978
465
637
996
1
161
289
644
283
277
921
537
947
164
63
904
486
360
761
336
594
782
181
298
347
49
122
416
244
733
340
320
929
516
741
856
239
981
64
911
187
539
262
884
254
92
757
872
76
361
22
771
811
409
652
102
261
327
267
559
368
590
879
626
910
340
952
845
298
499
874
851
70
478
315
16
51
943
538
528
69
852
698
863
603
565
308
944
747
947
385
571
515
913
744
796
959
68
687
727
605
527
131
533
208
935
820
417
662
365
654
925
161
273
366
411
446
706
857
813
412
309
609
619
24
415
374
942
958
360
290
135
817
296
802
26
827
850
844
991
503
411
231
988
219
751
651
142
45
117
840
661
359
400
284
13
661
647
569
68
845
213
20
505
987
924
971
413
829
159
577
296
34
1
515
701
779
720
633
416
4
710
76
353
562
793
822
625
648
471
493
55
670
823
703
518
491
372
67
675
912
304
592
483
438
353
446
410
8
544
728
878
646
651
909
549
237
984
973
154
782
162
492
589
695
393
327
510
746
597
497
197
53
199
256
269
575
919
466
309
180
101
422
591
548
813
772
400
337
720
418
829
518
67
945
414
889
778
178
133
804
837
801
845
224
643
867
487
830
996
631
627
950
660
755
542
621
290
6
813
178
957
167
212
41
714
63
187
385
700
103
587
918
461
863
455
966
417
243
265
12
574
719
253
42
928
165
994
92
725
13
422
524
338
931
717
997
839
918
138
811
310
18
765
71
713
150
254
99
608
155
667
185
663
248
896
545
257
339
493
662
364
647
924
941
325
442
198
609
661
437
370
371
54
419
956
413
4
231
998
338
319
222
74
591
931
112
93
252
405
769
492
207
686
65
145
830
651
999
168
305
627
369
164
519
107
785
33
86
501
386
963
332
309
996
243
901
881
518
596
770
686
980
70
960
552
386
895
241
529
606
801
772
562
934
346
137
281
173
30
159
365
697
208
954
525
44
531
326
643
411
918
918
544
581
423
239
776
156
381
176
514
541
474
985
542
274
411
60
570
770
628
708
239
156
385
975
104
71
938
952
741
476
607
873
112
311
900
838
254
305
912
197
410
788
910
765
849
977
463
709
165
766
211
78
420
476
731
358
820
292
876
334
318
929
73
528
687
791
69
595
961
761
973
622
769
358
745
699
977
545
546
515
837
209
866
788
342
106
268
874
79
567
457
534
410
267
953
329
32
201
662
55
229
955
649
439
649
96
222
69
826
151
447
76
990
433
285
749
798
822
129
462
852
118
367
240
824
423
78
301
278
307
812
898
516
251
343
270
643
18
897
757
839
769
128
559
162
10
838
119
416
479
198
373
667
662
540
239
828
172
623
520
579
72
413
42
961
269
314
330
707
452
42
123
994
607
914
748
982
89
852
23
365
757
312
753
164
723
359
616
369
842
644
970
282
376
849
416
712
40
725
170
456
123
476
856
924
873
828
251
551
630
52
899
471
307
213
153
803
972
765
404
678
508
394
395
86
589
913
589
945
443
193
15
488
534
153
982
457
318
176
545
30
285
748
865
864
782
926
483
488
956
764
613
416
956
903
148
138
157
512
51
766
161
581
491
253
150
569
233
109
758
893
416
437
348
480
959
345
177
402
562
81
977
896
732
631
410
995
230
237
91
775
680
808
486
366
641
478
223
725
873
947
721
551
831
81
943
191
241
922
779
724
938
643
498
861
591
221
391
4
468
60
658
451
558
26
389
484
175
455
325
908
627
780
19
647
373
541
495
906
954
561
109
241
556
246
92
57
218
602
648
145
279
514
397
117
275
443
85
189
940
317
600
928
443
393
42
172
436
119
575
789
136
19
348
484
402
327
2
259
115
56
252
342
806
979
562
449
428
564
882
617
820
138
558
575
537
10
928
65
511
344
846
461
883
204
44
529
985
328
880
428
797
517
707
307
268
965
316
509
869
659
117
347
0
477
716
141
58
840
827
949
236
494
582
579
291
740
427
865
284
137
425
571
659
740
705
572
260
706
373
885
790
84
626
520
320
165
383
784
468
783
75
559
831
984
414
273
356
158
582
872
847
852
284
299
994
59
574
148
602
831
373
354
805
889
717
71
254
93
465
942
562
989
89
953
9
95
0
726
613
197
622
23
648
13
112
824
823
376
452
312
614
813
393
349
942
352
458
544
524
68
985
318
645
122
590
321
134
259
705
342
157
116
496
437
920
543
563
481
842
945
515
655
682
77
550
486
574
106
601
645
135
225
663
422
732
739
940
996
169
21
53
431
802
331
375
371
377
336
397
524
411
440
753
136
907
377
618
787
303
982
340
554
873
262
469
776
807
76
300
804
985
26
709
793
493
237
536
122
90
739
602
103
591
300
293
379
194
795
0
498
173
295
457
943
610
722
17
400
36
811
773
829
444
47
429
146
137
521
778
535
799
6
622
613
377
165
22
482
705
878
456
636
405
218
285
502
584
170
1
192
141
381
436
535
765
124
47
699
914
44
2
486
482
144
94
659
546
554
427
541
995
845
900
522
781
878
774
463
106
460
303
994
735
56
535
706
730
736
507
817
10
266
469
154
105
339
120
463
563
336
930
708
764
862
37
875
183
990
63
422
191
986
918
867
357
448
966
471
789
698
380
287
808
16
96
220
153
49
26
48
428
143
178
951
303
770
902
329
200
991
446
545
591
562
274
648
456
743
696
989
574
472
514
993
967
774
853
797
543
282
281
446
868
945
227
850
180
632
767
539
19
716
621
409
688
311
477
459
352
923
325
32
351
108
123
285
31
564
835
232
238
58
669
956
462
900
728
660
309
638
539
132
852
795
999
553
40
273
950
647
652
533
375
989
78
14
84
332
516
737
697
494
383
107
116
390
883
797
989
26
20
448
412
454
106
988
422
976
167
849
639
883
327
327
992
795
261
503
984
310
324
970
126
530
525
918
494
488
123
171
565
573
792
123
68
761
578
756
904
70
362
391
964
5
788
345
17
304
430
259
68
186
314
107
662
517
92
162
77
384
517
64
781
573
649
678
50
604
221
772
420
440
723
966
632
469
684
549
809
538
48
409
18
77
442
565
427
914
549
499
904
371
401
316
454
955
59
974
81
815
802
15
934
689
122
470
682
465
471
232
128
880
922
250
151
839
317
744
847
321
975
103
408
225
585
446
616
372
697
365
844
254
609
377
471
309
169
422
57
817
198
619
910
174
796
331
322
317
111
418
644
882
893
913
543
706
708
400
229
245
203
686
461
396
473
840
672
471
792
377
668
30
895
848
782
866
991
219
140
220
571
308
778
510
824
411
195
571
883
886
182
617
956
475
97
723
421
510
118
739
389
391
62
305
987
462
464
411
706
274
608
998
862
550
909
670
350
871
44
226
49
601
947
70
177
459
50
31
946
835
666
568
250
750
865
725
980
975
832
441
446
255
430
373
101
270
87
530
135
120
325
50
422
685
924
761
613
995
742
456
138
374
520
43
255
668
252
70
577
175
939
588
535
460
643
273
448
66
671
426
583
807
980
955
215
110
384
98
185
602
490
750
628
245
231
744
599
826
406
483
457
860
291
632
508
546
265
213
628
309
103
423
540
698
605
822
501
486
61
927
585
249
933
604
472
837
237
353
59
454
682
140
703
743
553
804
113
569
612
424
450
732
404
352
17
312
963
51
557
801
118
419
822
60
613
615
88
233
621
900
747
805
884
31
42
217
512
825
326
948
805
486
652
415
628
216
393
700
551
429
198
382
906
563
593
175
683
299
583
769
655
909
229
207
458
997
362
443
185
911
156
746
663
436
966
932
330
688
832
584
888
46
943
141
790
937
556
195
423
257
33
5
151
714
905
629
384
879
725
671
318
519
134
858
340
373
506
878
826
258
171
308
878
164
741
643
194
265
670
955
245
16
213
913
961
31
857
142
793
945
200
837
95
132
707
664
836
934
151
32
890
737
36
329
347
785
473
297
50
901
640
643
745
814
319
66
346
430
800
386
457
473
415
160
197
255
258
50
588
571
386
425
652
616
437
621
636
879
304
730
350
727
357
940
942
316
787
709
904
795
977
150
260
876
99
828
179
11
223
116
221
591
22
493
451
606
94
372
20
949
817
620
336
181
687
266
879
222
943
996
136
547
909
246
456
711
450
523
93
402
504
176
229
31
258
885
959
387
904
753
578
60
775
371
242
427
646
653
599
213
246
966
434
659
958
101
687
388
336
39
958
659
679
585
252
149
655
229
290
226
787
58
848
398
370
914
48
127
349
84
696
475
766
774
408
204
543
410
666
214
838
164
101
117
400
886
28
290
381
750
500
588
105
805
181
791
984
336
343
229
548
435
703
359
224
629
42
205
464
216
135
370
599
599
962
251
648
809
729
894
902
80
1000
489
897
852
213
754
455
733
894
468
706
60
352
850
694
523
700
773
630
248
547
163
897
788
601
394
206
86
764
683
939
99
866
708
116
308
933
744
40
892
21
510
948
151
202
68
999
422
548
310
885
582
269
545
986
216
490
749
975
471
133
974
542
259
267
946
442
900
234
817
841
305
375
995
156
930
807
674
79
335
817
74
745
603
901
598
358
561
332
151
739
605
315
978
543
873
254
164
594
191
653
602
286
856
50
900
349
407
281
646
767
159
393
822
97
819
426
738
564
613
124
882
902
284
490
805
609
245
27
294
529
135
187
751
615
150
771
937
725
184
406
696
410
420
448
903
824
980
352
685
704
1
43
358
223
377
163
209
308
11
874
518
454
164
260
275
685
443
101
121
208
887
414
886
569
110
360
34
529
195
139
534
884
386
839
506
616
353
108
847
739
456
836
300
41
337
602
276
886
408
493
77
871
295
947
795
258
730
934
344
593
274
483
896
197
155
221
12
675
798
762
172
221
984
369
860
970
273
439
872
358
160
728
840
517
945
459
62
540
904
782
452
968
974
806
924
667
918
366
168
827
972
292
683
678
943
788
89
151
516
212
667
889
212
239
387
192
472
784
798
343
505
10
425
402
482
8
452
484
744
961
828
67
460
902
438
264
345
931
832
152
833
97
723
121
167
509
177
647
761
413
887
455
703
335
850
664
568
588
1000
126
353
3
134
770
474
651
847
540
186
922
452
305
89
78
991
577
51
693
788
405
819
69
913
465
71
370
947
834
670
229
218
866
636
328
263
699
31
440
410
199
175
552
282
507
775
486
628
171
829
979
469
996
143
331
974
952
629
94
975
903
890
704
35
542
761
979
651
476
318
189
18
602
410
279
132
320
751
601
352
807
466
914
485
913
54
747
771
298
559
826
251
434
129
97
552
445
301
528
920
897
577
339
897
620
13
96
229
321
186
417
952
441
404
117
111
57
499
505
876
462
981
90
201
195
144
3
60
189
267
418
988
671
477
934
821
706
401
759
163
842
657
861
146
7
607
537
587
883
965
997
456
347
976
636
405
258
350
167
560
446
28
318
106
613
747
965
959
700
257
181
729
132
151
324
941
328
427
790
781
491
265
680
733
652
781
527
293
866
324
694
980
490
462
873
561
907
923
551
85
360
674
142
521
274
807
890
394
973
597
215
866
953
135
967
243
370
60
919
940
523
157
698
425
524
382
545
558
511
590
47
830
465
13
877
388
376
404
947
325
879
850
437
13
491
229
0
638
644
781
632
48
916
964
950
964
455
599
687
362
319
629
191
194
358
460
551
579
91
982
558
135
947
690
918
155
327
688
434
898
330
437
157
46
82
186
689
273
429
75
142
670
313
237
213
429
746
324
834
87
781
28
575
192
918
279
705
497
841
36
352
8
364
677
929
411
2
273
50
795
812
126
935
666
633
303
508
682
864
371
779
658
63
375
247
488
100
266
963
278
849
396
901
492
75
702
328
163
115
820
994
869
111
46
781
203
900
943
817
500
491
575
74
169
329
209
614
292
838
223
181
480
76
48
22
523
142
576
602
266
63
169
93
654
613
448
837
442
719
301
541
501
968
447
154
433
791
532
45
423
105
249
495
241
191
604
206
444
954
255
413
633
991
310
776
388
719
425
353
404
482
798
845
33
348
678
957
943
346
761
670
631
291
74
599
802
569
514
858
72
791
997
876
455
751
467
740
851
377
319
486
350
257
147
708
496
49
796
796
244
552
601
847
669
749
227
486
193
867
263
997
334
365
329
671
833
112
528
109
99
898
696
346
854
335
616
661
366
856
107
24
953
645
674
166
875
568
370
725
524
135
655
976
776
37
578
403
597
236
326
402
556
402
539
302
820
965
598
997
607
186
66
202
234
930
81
221
14
937
932
765
300
923
155
662
302
146
664
971
794
199
273
805
930
933
76
69
180
370
531
817
821
725
871
678
631
716
992
319
520
960
986
514
106
433
899
737
51
895
793
135
304
858
751
904
949
452
516
372
971
577
74
808
616
600
744
542
738
443
868
125
497
965
32
868
502
287
656
725
783
294
67
660
670
583
680
785
337
982
138
173
447
962
404
349
814
17
980
573
815
150
473
21
840
723
29
431
266
987
242
107
807
773
949
433
241
110
660
901
934
874
748
54
34
411
96
240
272
400
217
675
689
308
659
646
832
922
158
910
133
669
205
157
846
865
989
390
916
362
195
417
430
208
754
34
642
967
491
212
692
43
110
774
933
311
208
977
536
587
727
585
70
844
521
796
212
257
488
275
908
107
195
828
675
308
698
237
920
631
85
636
690
824
401
582
232
562
697
945
408
201
650
948
863
377
585
127
490
933
494
977
85
2
887
323
926
779
788
996
219
856
552
995
217
814
829
189
118
462
656
910
260
198
459
78
671
226
416
524
578
340
650
842
416
896
497
320
970
307
709
238
317
31
136
537
715
43
718
298
679
352
946
428
355
335
484
284
646
975
603
991
446
925
110
737
614
886
105
278
373
97
218
910
771
588
202
527
129
927
253
865
114
976
653
648
307
512
791
127
413
726
43
250
28
41
192
544
352
273
916
587
743
994
587
703
832
723
773
771
170
471
541
163
86
383
705
194
45
945
676
42
777
180
484
124
299
973
87
743
310
930
283
779
660
755
460
701
254
190
172
402
584
540
424
577
372
965
345
921
24
619
816
237
712
137
209
38
641
257
91
937
736
468
415
337
145
246
706
515
1000
898
173
722
677
598
245
469
271
976
597
704
679
82
609
663
479
758
162
849
922
503
509
949
958
187
793
986
863
827
272
483
584
238
478
582
779
514
565
740
169
606
86
990
667
751
636
833
996
435
825
359
542
663
850
721
97
214
325
90
416
228
370
76
311
919
949
598
597
442
79
284
577
888
727
105
196
783
88
313
171
570
583
394
966
609
154
935
746
344
965
596
832
779
735
588
978
893
372
579
243
480
307
381
817
923
465
609
230
167
849
718
858
911
309
366
474
856
431
493
353
761
92
128
572
317
360
10
94
769
317
663
396
572
656
827
237
36
49
471
238
6
758
950
216
568
221
52
581
461
431
362
340
606
731
771
265
641
191
265
788
323
874
544
927
276
341
888
84
515
212
620
661
339
260
916
624
535
50
831
420
623
961
945
456
569
365
975
106
346
718
157
739
379
707
158
534
980
59
5
646
515
629
747
799
590
774
753
94
548
582
611
674
703
695
765
386
577
122
379
278
649
563
384
277
148
493
320
462
59
736
44
754
771
342
345
6
629
654
941
215
13
716
509
458
586
205
983
456
168
508
892
702
261
430
390
176
737
628
78
923
996
570
300
379
194
389
858
5
718
177
326
857
883
414
569
978
619
259
43
783
510
966
608
489
853
957
940
73
899
349
526
514
629
866
339
553
866
799
740
384
638
904
906
512
545
121
199
260
446
907
18
224
599
930
714
705
303
848
989
147
749
791
590
996
795
67
718
75
629
897
770
662
234
565
297
347
309
422
469
472
323
532
432
185
108
148
939
475
68
386
726
101
408
709
335
844
478
657
704
195
409
64
73
803
64
637
434
748
143
264
415
610
879
950
616
405
480
347
878
93
200
637
794
63
982
435
149
129
266
558
382
854
962
592
452
325
173
915
135
52
725
895
967
538
991
504
499
652
40
677
678
966
917
220
955
309
88
503
349
566
243
669
697
340
605
612
742
116
348
809
749
495
342
172
666
302
523
859
688
844
983
796
275
974
419
245
291
59
959
54
127
633
470
645
523
105
310
337
450
917
870
163
906
253
324
399
344
546
860
967
434
497
410
569
490
669
296
194
395
178
364
222
113
608
129
786
638
194
926
971
968
149
310
514
592
789
767
70
506
883
516
605
3
215
741
935
56
369
189
611
871
460
674
660
958
857
99
162
248
849
550
598
212
966
408
29
596
192
571
34
545
890
585
680
866
416
595
699
166
578
259
360
166
722
218
786
908
43
802
349
919
449
519
630
626
604
830
94
43
30
118
228
249
454
147
624
479
531
368
153
85
862
409
346
39
260
592
307
284
735
282
70
812
276
675
411
65
561
817
273
237
143
258
70
456
4
367
908
226
269
262
131
453
514
906
50
387
961
603
102
245
400
59
916
813
329
935
973
964
156
842
680
3
454
498
516
857
264
243
246
782
165
579
538
635
260
496
762
945
304
355
114
21
278
378
505
671
470
684
688
227
256
643
943
481
895
915
825
501
994
79
120
21
648
537
420
157
553
260
72
489
624
733
344
677
669
896
202
666
348
181
599
686
333
241
813
628
851
1000
963
1
719
686
15
96
262
724
71
746
838
599
553
709
565
438
733
808
598
708
761
399
154
35
889
472
203
721
741
750
181
792
867
283
959
723
126
224
32
151
949
600
8
382
996
844
299
207
177
212
443
830
34
588
65
64
67
852
926
837
831
674
631
638
315
550
176
578
328
249
808
159
580
507
338
818
498
669
651
426
866
121
567
817
339
271
897
393
895
721
318
758
192
472
521
121
909
902
507
932
671
170
169
140
302
268
268
57
141
749
500
285
225
537
165
522
515
381
152
736
560
196
874
882
849
613
829
549
316
298
728
958
956
237
11
229
521
814
637
799
100
973
651
803
541
438
649
331
932
78
502
804
112
385
388
439
844
303
468
673
35
465
46
806
222
713
310
911
224
3
977
147
454
262
10
466
770
329
706
231
306
153
389
760
337
851
127
926
856
66
746
492
806
880
446
81
183
827
128
940
978
302
408
490
477
85
650
318
861
848
768
927
16
335
408
853
660
693
793
558
260
64
119
313
272
732
137
160
389
152
967
763
271
422
494
723
964
948
733
603
605
514
729
29
586
117
516
86
937
971
15
639
291
504
622
254
513
693
7
844
951
467
443
854
794
774
381
949
515
325
167
547
622
280
899
791
161
831
203
739
344
990
954
186
671
296
360
907
349
127
905
967
730
570
103
145
844
173
925
540
893
540
246
978
936
845
448
890
668
790
832
548
168
358
0
666
70
949
149
649
639
681
12
788
561
533
249
838
525
74
732
961
904
305
643
643
33
362
150
105
213
467
96
903
141
706
599
959
655
175
640
453
32
350
702
952
560
525
316
977
462
372
465
362
893
832
725
409
835
13
275
976
569
402
136
407
874
598
58
550
739
840
684
677
689
286
746
502
776
631
58
714
886
688
513
563
627
973
135
823
839
493
305
264
890
903
37
971
96
391
981
372
999
728
997
759
400
279
252
685
708
193
242
618
115
798
78
704
748
518
637
223
391
953
422
294
604
998
928
516
753
839
3
928
418
725
901
373
157
379
620
202
274
605
785
858
114
546
313
843
62
162
298
607
169
82
254
56
960
860
19
1000
49
746
844
37
349
33
273
780
860
822
682
56
520
609
196
538
615
853
726
137
760
990
757
0
957
628
898
431
30
4
596
145
96
709
388
325
10
343
705
730
1
891
903
26
113
354
326
449
721
578
163
410
604
388
504
24
507
11
200
755
524
320
480
816
448
635
673
938
850
467
330
670
727
390
955
697
60
599
220
894
968
321
873
212
841
380
127
732
55
980
579
304
415
713
108
157
261
697
540
281
382
963
154
836
847
886
990
810
378
709
402
304
970
62
770
907
710
1
554
760
779
30
648
442
218
455
102
473
613
120
173
263
732
614
609
6
14
433
845
654
339
463
694
389
773
184
648
171
138
277
383
511
311
574
578
803
747
44
965
900
937
487
148
292
489
530
614
483
241
697
428
495
946
131
121
904
744
631
608
942
524
215
94
730
16
930
639
937
733
574
842
594
92
646
319
272
880
288
130
280
383
977
653
435
793
439
280
611
10
228
495
889
208
712
443
948
222
874
540
979
601
437
478
583
450
95
409
68
231
527
425
448
748
7
969
621
899
120
264
242
219
658
282
328
572
70
459
849
873
251
508
367
349
632
477
616
322
611
166
34
510
934
133
980
164
8
700
765
482
76
717
371
385
500
473
898
89
473
629
761
718
67
790
127
445
855
429
978
665
957
121
605
931
516
446
188
985
733
697
463
901
608
324
464
683
232
2
179
127
889
763
683
513
158
172
207
547
344
640
774
47
54
585
226
489
45
423
189
264
344
953
78
899
256
727
862
995
544
688
431
73
368
852
411
951
755
1000
737
738
589
304
933
382
722
869
98
975
528
490
303
866
719
619
200
69
77
780
561
827
44
951
890
685
558
361
494
246
63
593
379
289
202
164
888
43
774
746
244
404
25
601
458
30
36
858
85
557
835
967
490
528
79
692
98
476
263
739
307
907
66
225
37
149
418
484
410
284
223
71
912
540
789
101
659
330
5
948
306
851
87
213
417
938
495
80
615
676
567
649
142
10
139
758
836
932
701
485
900
967
760
68
446
63
836
902
484
717
925
611
279
782
875
61
956
241
175
985
343
157
616
471
359
528
320
674
781
274
462
576
874
828
658
129
73
644
628
118
698
482
577
527
373
559
374
816
19
184
10
37
600
80
640
83
490
113
923
88
765
516
970
975
747
377
709
763
208
974
700
110
506
686
860
737
120
947
841
110
963
849
473
543
832
993
243
699
922
332
955
585
612
800
440
974
863
438
578
891
47
762
15
230
346
67
633
265
88
983
428
635
371
992
512
935
225
88
834
12
937
422
364
805
965
158
480
807
446
555
691
922
960
472
673
290
298
565
400
572
501
816
306
404
240
252
705
529
35
719
30
373
551
14
496
807
408
728
676
482
349
122
340
301
86
575
818
705
413
271
923
870
628
364
454
400
226
164
384
7
594
254
599
286
167
730
394
331
998
36
88
212
191
263
755
417
42
376
747
454
48
965
316
20
219
177
42
276
297
983
261
936
778
723
162
270
333
976
90
140
581
907
187
838
556
762
854
27
25
726
64
547
736
823
992
200
482
952
257
41
553
828
216
44
382
258
502
886
929
297
844
614
380
180
15
825
821
224
165
69
700
857
589
84
682
601
837
815
823
251
620
288
483
247
144
683
803
900
410
198
219
461
997
748
804
374
14
942
377
266
80
834
484
742
756
918
227
805
308
934
834
665
163
727
977
378
432
246
833
40
674
876
978
177
396
715
209
33
564
344
405
184
147
458
915
35
821
439
503
417
119
49
970
723
261
184
599
863
700
563
78
171
867
22
597
887
94
242
506
875
890
443
966
786
522
737
496
21
354
576
897
656
369
172
264
88
367
524
24
981
446
567
152
546
290
773
370
274
452
915
654
236
913
774
974
725
176
177
378
160
44
650
142
312
737
386
659
999
498
693
194
532
871
976
882
505
57
416
772
794
299
313
126
470
51
470
356
484
869
277
910
710
359
12
457
405
387
877
548
852
568
501
380
153
634
58
60
539
656
68
599
946
166
85
44
655
638
901
914
333
368
696
538
209
768
749
824
972
702
870
67
232
128
802
356
515
108
747
412
974
814
366
269
276
215
615
956
132
634
856
657
775
343
524
589
358
284
70
820
306
408
808
214
905
109
410
932
729
243
885
225
497
291
184
827
875
534
144
540
160
1000
63
627
125
433
587
552
12
683
887
904
926
932
28
50
414
452
554
949
933
443
571
625
188
968
93
219
618
133
455
174
151
386
479
560
942
615
957
619
288
109
402
564
271
177
17
159
534
672
46
217
557
418
846
31
451
896
725
793
261
290
31
784
702
586
187
258
801
223
272
581
524
467
563
120
835
862
235
667
383
640
418
24
447
470
216
115
340
45
125
342
950
808
890
668
966
100
409
162
404
457
314
513
855
176
705
177
778
104
451
743
986
221
601
512
229
241
487
246
8
945
916
713
286
480
476
266
388
319
484
867
813
323
343
133
692
265
969
226
771
630
375
638
441
449
576
870
46
459
697
430
734
978
478
203
792