615
362
694
360
323
471
723
27
548
689
853
900
703
235
767
974
884
987
988
756
133
67
10
514
251
668
386
618
582
833
226
729
271
844
350
727
632
180
387
705
517
951
996
198
992
273
576
162
886
767
632
725
857
994
25
934
922
996
513
778
351
923
861
700
822
691
891
280
591
904
215
324
122
183
95
256
17
636
37
354
832
804
124
449
346
915
401
551
801
52
647
226
738
254
170
142
834
987
681
424
558
728
624
680
305
214
728
866
222
365
186
391
415
770
120
872
111
393
311
700
359
391
457
707
749
885
979
882
774
298
70
809
611
647
894
284
162
690
803
8
808
601
193
888
266
418
541
645
98
19
972
833
459
484
65
405
621
612
140
641
234
29
123
947
576
179
721
747
268
282
553
586
855
244
663
438
433
238
334
293
319
81
782
871
964
514
670
458
528
42
89
560
897
560
794
990
832
890
568
619
472
684
619
983
789
172
675
481
117
803
911
776
845
861
250
597
961
601
674
329
336
577
571
111
853
634
814
254
300
443
928
498
121
800
462
51
311
121
843
213
803
583
108
325
108
886
619
176
823
610
421
960
569
699
430
574
412
742
803
623
3
862
324
669
259
414
58
88
372
812
380
684
892
509
740
17
642
201
160
294
432
319
833
804
426
972
229
23
354
903
799
695
308
923
62
762
690
419
184
486
766
570
437
735
222
115
910
227
75
815
95
919
422
35
262
880
610
768
605
948
590
989
163
416
228
845
820
521
673
121
52
37
855
336
883
710
469
463
705
933
734
8
479
943
934
341
166
317
183
292
825
704
747
943
145
978
201
603
368
257
351
350
770
887
580
980
940
426
620
841
163
449
166
780
699
672
214
958
739
427
505
300
340
150
869
414
936
882
805
800
438
797
157
552
494
797
981
879
76
230
700
491
993
38
899
806
912
417
307
109
14
252
264
113
969
110
431
950
416
556
193
52
652
191
512
758
717
458
226
213
807
262
888
572
807
630
596
710
279
873
949
807
997
488
324
592
662
20
89
362
909
477
326
869
329
392
21
67
974
701
731
52
556
349
976
11
434
31
460
884
331
356
418
138
215
55
77
734
709
505
584
884
50
393
321
503
137
840
405
343
338
871
684
168
471
561
718
236
209
142
858
987
742
683
795
377
631
858
405
312
503
514
678
676
817
6
312
335
42
284
627
495
842
419
632
833
792
469
98
43
482
273
495
124
871
247
736
544
789
929
583
991
380
520
483
349
988
621
948
971
470
298
296
261
539
319
715
946
647
830
33
0
417
225
348
395
913
530
998
712
49
740
194
680
901
472
590
595
739
291
190
365
272
370
74
13
831
820
783
913
962
995
781
132
544
157
62
41
394
344
851
237
386
465
886
168
136
271
719
833
126
12
880
704
285
222
719
151
183
428
169
275
524
576
964
650
574
41
491
751
832
620
413
243
634
238
463
731
403
688
253
871
747
712
745
797
940
793
417
58
675
245
445
20
39
137
734
949
81
834
975
300
966
895
554
499
127
935
362
27
172
225
670
680
527
845
382
693
470
889
774
336
492
191
768
245
94
216
755
139
693
715
675
500
396
227
281
313
544
398
527
497
892
300
727
78
593
206
818
716
795
899
35
130
584
770
680
831
775
281
215
671
122
93
166
468
15
228
330
72
766
949
902
806
418
463
250
670
271
800
61
291
946
690
25
699
571
419
22
474
678
236
705
554
268
810
872
698
521
506
798
419
922
343
532
742
593
164
971
402
405
334
829
786
208
933
1000
739
940
148
170
565
473
865
180
288
232
623
270
292
66
372
562
578
635
797
642
795
623
738
521
460
385
632
386
861
567
530
806
515
299
377
184
406
295
998
691
553
992
580
879
171
787
486
240
219
702
687
669
686
39
373
846
182
495
848
133
986
998
858
890
587
637
303
347
948
424
757
203
926
211
702
618
148
84
55
809
3
563
891
635
42
246
867
286
549
642
884
827
606
17
162
770
526
881
472
948
829
984
807
867
602
911
95
601
102
249
542
261
713
640
28
119
524
407
531
161
386
198
870
885
528
336
724
574
196
729
754
123
467
521
411
804
48
769
25
899
499
184
445
242
249
5
531
434
994
825
167
742
294
567
780
926
839
723
38
1
870
213
511
662
574
376
620
82
464
131
312
155
563
239
947
572
295
510
510
602
852
185
949
68
645
313
500
861
947
387
661
355
588
906
112
513
184
624
172
937
315
924
538
403
432
121
174
886
368
752
990
614
580
151
603
5
292
465
660
989
857
242
392